0.0,0.0,0.
0.0,0.0,0.
0.0,0.0,0.
0.0,0.0,0.
0.0,0.0,0.
0.0,0.0,0.
0.0,0.0,0.
0.0,0.0,0.
0.0,0.0,0.
0.0,0.0,0.
0.0,31.0,0.
0.0,31.0,0.
0.0,30.0,0.
0.0,30.0,0.
0.0,33.0,0.
0.0,34.0,0.
0.0,25.0,0.
0.0,23.0,0.
0.0,29.0,0.
0.0,23.0,0.
0.0,20.0,0.
0.0,20.0,0.
0.0,19.0,0.
0.0,19.0,0.
0.0,19.0,0.
0.0,19.0,0.
0.0,0.0,0.
0.0,8.0,0.
-0.0,7.0,0.
-0.0,0.0,0.
-0.0,0.0,0.
-0.0,0.0,0.
-0.0,0.0,0.
-0.0,0.0,0.
-0.0,0.0,0.
-0.0,0.0,0.
-0.0,97.0,0.
-0.0,96.0,0.
-0.0,33.0,0.
-0.0,33.0,0.
-0.0,25.0,0.
-0.0,23.0,0.
-0.0,22.0,0.
-0.0,22.0,0.
-0.0,22.0,0.
-0.0,21.0,0.
-0.0,22.0,0.
-0.0,22.0,0.
-0.0,22.0,0.
-0.0,22.0,0.
-0.0,23.0,0.
-0.0,52.0,0.
-0.0,95.0,0.
-0.0,95.0,0.
-0.0,96.0,0.
-0.0,96.0,-0.
-0.0,0.0,-0.
-0.0,0.0,-0.
-0.0,0.0,-0.
-0.0,0.0,-0.
-0.0,72.0,-0.
-0.0,68.0,-0.
-0.0,68.0,-0.
-0.0,68.0,-0.
-0.0,69.0,-0.
-0.0,69.0,-0.
-0.0,43.0,-0.
-0.0,52.0,-0.
-0.0,12.0,-0.
-0.0,11.0,-0.
-0.0,10.0,-0.
-0.0,9.0,-0.
-0.0,8.0,-0.
-0.0,8.0,-0.
-0.0,8.0,-0.
-0.0,8.0,-0.
-0.0,8.0,-0.
-0.0,8.0,-0.
-0.0,7.0,-0.
-0.0,7.0,-0.
-0.0,8.0,-0.
-0.0,8.0,-0.
-0.0,9.0,-0.
0.0,10.0,-0.
0.0,14.0,-0.
0.0,24.0,-0.
0.0,15.0,-0.
0.0,15.0,-0.
0.0,23.0,-0.
0.0,23.0,-0.
0.0,24.0,-0.
0.0,23.0,-0.
0.0,24.0,-0.
0.0,25.0,-0.
0.0,7.0,-0.
0.0,7.0,-0.
0.0,6.0,-0.
0.0,6.0,-0.
0.0,6.0,-0.
0.0,6.0,-0.
0.0,0.0,-0.
0.0,0.0,-0.
0.0,6.0,-0.
0.0,0.0,-0.
0.0,0.0,-0.
0.0,0.0,-0.
0.0,0.0,-0.
0.0,0.0,-0.
0.0,6.0,-0.
0.0,8.0,-0.
0.0,0.0,0.
0.0,0.0,-0.
0.6934263,7.969558,-0.07288217
0.0,0.0,-0.
0.0,0.0,-0.
0.0,0.0,-0.
0.0,0.0,-0.
0.0,0.0,-0.
0.0,0.0,-0.
0.5335969,6.973363,-0.2957774
3.9173496,52.79832,-2.447831
2.0448036,28.889647,-1.485637
1.896516,27.893452,-1.535769
1.8135414,27.893452,-1.6329
1.6639669,26.897257,-1.663967
1.5438409,26.897257,-1.775986
1.4487777,26.897257,-1.854350
1.2997521,25.901062,-1.85623
1.1084526,23.908672,-1.77389
0.9410944,22.91248,-1.769940
0.8471728,22.91248,-1.816768
0.7509292,22.91248,-1.858616
0.61945015,22.91248,-1.906470
0.360921,15.939116,-1.346975
0.25368947,13.946726,-1.193516
0.32722002,23.908672,-2.06598
0.18230695,23.908672,-2.08377
0.042583447,13.946726,-1.219437
-0.03802669,24.904867,-2.178561
-0.05471715,8.965753,-0.7824908
-0.10916773,8.965753,-0.776767
-0.13304068,7.969558,-0.6844355
-0.16867907,7.969558,-0.676534
-0.18852828,6.973363,-0.580230
-0.21863665,6.973363,-0.569568
-0.24814601,6.973363,-0.5573450
-0.2769752,6.973363,-0.543594
-0.3142198,6.973363,-0.522949
-0.38989496,7.969558,-0.5780430
-0.41961315,7.969558,-0.5568452
-0.44818094,7.969558,-0.534121
-0.5448912,8.965753,-0.5642513
-0.5736751,8.965753,-0.5349605
-0.6676517,9.961947,-0.560226
-0.7756153,10.958142,-0.563517
-8.40592,114.56239,-5.458867
-4.0003915,52.79832,-2.309626
-9.707042,124.52434,-4.94598
-5.6159096,69.73363,-2.38381
-5.569173,67.74124,-2.027013
-5.667626,67.74124,-1.732767
-5.5814114,65.74885,-1.391601
-5.75072,66.74505,-1.014007
-0.0,0.0,-0.
-0.0,0.0,-0.
-0.0,0.0,-0.
-0.0,0.0,0.
-8.321116,95.63469,0.874584
-8.26394,95.63469,1.308879
-8.067584,94.6385,1.862549
-7.959049,94.6385,2.282220
-7.8287,94.6385,2.695637
-7.6768913,94.6385,3.101666
-1.7233713,21.916285,0.840544
-1.6770189,21.916285,0.9295864
-1.6260695,21.916285,1.016081
-1.5512305,21.916285,1.127034
-1.4901198,21.916285,1.206675
-1.4249253,21.916285,1.283008
-1.3558251,21.916285,1.355825
-1.2579447,21.916285,1.447099
-0.37560898,6.973363,0.4807576
-0.34993333,6.973363,0.4997565
-0.27711305,5.977168,0.4434735
-0.28642,6.973363,0.5386776
-0.29466888,7.969558,0.631919
-0.1958947,5.977168,0.4848563
-0.0,0.0,0.
-0.0,0.0,0.
-0.32617244,17.931505,1.534521
-0.24541488,17.931505,1.549488
-0.12913412,16.93531,1.476009
-0.051708702,16.93531,1.480745
0.027379356,17.931505,1.568564
0.10943424,17.931505,1.564981
0.21833523,17.931505,1.553535
0.2993419,17.931505,1.539979
0.40061274,18.9277,1.6067
0.51171947,18.9277,1.574910
0.6246765,19.923895,1.627337
0.70898855,19.923895,1.592414
1.30574,32.874424,2.56265
1.4364327,31.878231,2.390625
1.1696849,23.908672,1.73412
1.3112907,24.904867,1.740141
1.680679,29.885841,2.00295
1.816304,29.885841,1.880837
1.9122502,29.885841,1.783202
2.06972,30.882036,1.736701
6.980537,98.623276,5.071656
8.259729,112.57,5.36393
8.453657,111.57381,4.88072
8.852821,113.5662,4.51073
0.6418182,7.969558,0.2724356
0.5732972,6.973363,0.2086631
0.58343214,6.973363,0.1783730
0.0,0.0,0.
0.0,0.0,0.
0.0,0.0,0.
0.0,0.0,0.
0.0,0.0,0.
0.0,0.0,0.
0.0,0.0,0.
0.0,0.0,0.
1.0151855,5.9088464,0.2343740
0.0,0.0,0.
0.0,0.0,0.
0.0,0.0,0.
0.0,0.0,0.
5.0119123,32.498653,2.778148
4.565122,30.52904,2.85260
4.21453,29.544231,3.062034
4.1834493,30.52904,3.387690
3.7423265,28.559423,3.369606
3.5608463,28.559423,3.56084
3.189857,27.574615,3.669510
2.993438,27.574615,3.831425
2.6892138,26.58981,3.84059
2.7605855,29.544231,4.4178
2.4456868,29.544231,4.59966
1.5411246,20.680962,3.304952
1.3009952,19.696156,3.220075
0.9658842,17.72654,2.972686
0.85392576,18.711348,3.18689
0.64986265,17.72654,3.05736
0.48896214,17.72654,3.087185
0.27242002,17.72654,3.11377
0.109084204,17.72654,3.12376
-0.05455024,17.72654,3.125191
-0.21803553,17.72654,3.118053
-0.4350087,17.72654,3.095248
-0.5964055,17.72654,3.068239
-0.8401858,19.696156,3.369801
-1.3951659,25.605001,4.2938
-2.3025079,36.437885,5.99823
-2.5426464,35.45308,5.710878
-0.47300765,5.9088464,0.9283300
-0.7154833,7.878462,1.190764
-3.4957013,35.45308,5.182591
-3.6576433,34.46827,4.85385
-3.7950425,33.483463,4.522755
-3.9806628,32.498653,4.12209
-3.047958,23.635386,2.842266
-4.3897333,32.498653,3.683423
-3.0906556,21.66577,2.245492
-3.2039397,21.66577,2.080662
-3.1580584,20.680962,1.823306
-3.4038763,21.66577,1.73436
-3.6764119,22.650578,1.560544
-3.753046,22.650578,1.365997
-4.1515145,24.620193,1.26924
-16.175049,94.54154,4.032891
-16.416967,94.54154,2.894756
-16.545967,94.54154,2.031588
-16.629618,94.54154,1.16285
-6.4249825,36.437885,-5.6168983
-19.421944,110.29846,-1.017861
-0.0,0.0,-0.
-0.0,0.0,-0.
-0.0,0.0,-0.
-0.0,0.0,-0.
-11.164756,66.96693,-3.844332
-0.0,0.0,-0.
-8.584067,54.164425,-4.186728
-0.0,0.0,-0.
-0.0,0.0,-0.
-7.44567,52.19481,-5.40959
-15.654197,114.23769,-12.67652
-1.2904574,9.848078,-1.161933
-1.2278781,9.848078,-1.227877
-1.0253111,8.86327,-1.179485
-0.96217644,8.86327,-1.231529
-0.7968039,7.878462,-1.137954
-0.7361563,7.878462,-1.178095
-0.5706603,6.893654,-1.073255
-0.5137082,6.893654,-1.10165
-0.45534852,6.893654,-1.127026
-0.3756218,6.893654,-1.156044
-0.31460413,6.893654,-1.174118
-0.2527247,6.893654,-1.188974
-0.19015199,6.893654,-1.20057
-0.10594102,6.893654,-1.210911
-0.048482243,7.878462,-1.388339
0.02727507,8.86327,-1.562595
0.30282754,24.620193,-4.330629
0.6041796,24.620193,-4.29895
0.7952067,23.635386,-4.090986
1.0082233,23.635386,-4.04376
1.234186,22.650578,-3.79843
1.4312881,22.650578,-3.728634
1.6244689,22.650578,-3.648616
1.8131953,22.650578,-3.558598
2.1464493,23.635386,-3.572293
2.330468,23.635386,-3.455060
3.1351233,29.544231,-4.160447
0.0,0.0,-0.
0.0,0.0,-0.
3.5559514,27.574615,-3.31597
3.8576438,28.559423,-3.236948
0.0,0.0,-0.
6.6991467,45.301155,-4.35047
21.05372,137.87308,-12.15537
0.92832994,5.9088464,-0.4730077
0.95906395,5.9088464,-0.407098
0.0,0.0,-0.
0.99636346,5.9088464,-0.3046189
1.0109406,5.9088464,-0.2520556
1.0260605,5.9088464,-0.180922
1.034123,5.9088464,-0.1269744
1.3858014,7.878462,-0.09690454
3.1058285,11.59111,5.430403
0.0,0.0,-0.
0.0,0.0,-0.
1.7894279,6.761481,-0.2834173
1.7652986,6.761481,-0.4075512
0.0,0.0,-0.
0.0,0.0,-0.
1.6798098,6.761481,-0.6786873
1.6283749,6.761481,-0.794211
0.0,0.0,-0.
0.0,0.0,-0.
8.794337,40.568886,-6.389461
5.8330636,28.011848,-4.723524
26.542927,133.29776,-23.89935
0.0,0.0,-0.
10.188031,57.955547,-11.719995
9.72004,58.921474,-12.44108
3.711312,24.148146,-5.300304
3.428831,24.148146,-5.48727
2.916197,23.18222,-5.484567
2.6251593,23.18222,-5.629673
2.3269262,23.18222,-5.75934
1.9195083,23.18222,-5.907636
1.607695,23.18222,-6.
1.2914748,23.18222,-6.075917
0.0,0.0,-0.
0.0,0.0,-0.
0.0,0.0,-0.
-0.0,0.0,-0.
-0.16248891,8.693333,-2.32369
-0.2881655,7.7274065,-2.05040
-0.34569472,6.761481,-1.778446
-0.43829802,6.761481,-1.75791
-0.55985653,6.761481,-1.723060
-0.6492668,6.761481,-1.69139
-0.7368983,6.761481,-1.655100
-0.82251,6.761481,-1.61426
-0.933112,6.761481,-1.552958
-1.0131084,6.761481,-1.501995
-1.2460898,7.7274065,-1.653616
-1.3309252,7.7274065,-1.586135
-1.6181173,8.693333,-1.675609
-1.7035946,8.693333,-1.588627
-1.9826691,9.659258,-1.663656
-2.0938904,9.659258,-1.521
-0.0,0.0,-0.
-11.431336,49.262215,-6.59988
-0.0,0.0,-0.
-0.0,0.0,-0.
-16.538303,65.68295,-6.0194
-0.0,0.0,-0.
-0.0,0.0,-0.
-0.0,0.0,-0.
-0.0,0.0,-0.
-11.360297,42.500736,-0.794388
-0.0,0.0,-0.
-0.0,0.0,0.
-24.967918,93.6948,2.624234
-24.796358,93.6948,3.927356
-24.20981,92.72888,5.589276
-24.132906,93.6948,6.91999
-23.492949,92.72888,8.0892
-5.519375,22.216293,2.22997
-5.350375,22.216293,2.609552
-4.9801016,21.250368,2.760514
-4.8288016,21.250368,3.017370
-4.6065583,21.250368,3.346860
-4.425083,21.250368,3.583362
-4.2314806,21.250368,3.810042
-4.209292,22.216293,4.209292
-3.9054127,22.216293,4.49266
-5.417727,32.841476,6.934374
-5.047385,32.841476,7.208412
-4.526056,31.875551,7.24320
-11.664785,92.72888,21.9382
-10.500641,92.72888,22.51869
-9.501621,94.66073,23.5173
-2.7992814,33.807404,8.61530
-0.0,0.0,0.
-1.9372137,34.77333,9.11387
-0.8097643,19.318516,5.11265
-0.42859387,18.35259,4.89884
-0.17162026,18.35259,4.914566
0.08582318,18.35259,4.91681
0.34303194,18.35259,4.905583
0.6483717,17.386665,4.613404
0.9383154,18.35259,4.827212
1.1896659,18.35259,4.77148
1.5995896,19.318516,4.92303
2.8753264,29.9437,7.4904
3.2634068,29.9437,7.32973
3.4075403,28.011848,6.687674
3.7324464,27.045923,6.211834
4.197163,28.011848,6.222550
4.5170746,28.011848,5.994360
4.99097,28.977774,5.948006
5.213934,28.011848,5.39918
5.4893594,28.011848,5.11891
5.7497396,28.011848,4.824604
6.28167,28.977774,4.563
7.814301,34.77333,5.074666
6.94846,29.9437,4.011695
6.9182835,28.977774,3.525041
14.77114,59.8874,6.269976
14.835832,58.921474,5.39980
0.0,0.0,0.
12.556551,48.29629,3.130699
0.0,0.0,0.
0.0,0.0,0.
0.0,0.0,0.
0.0,0.0,0.
0.0,0.0,0.
0.0,0.0,0.
0.0,0.0,0.
0.0,0.0,0.
12.493293,35.70832,3.58239
0.0,0.0,0.
0.0,0.0,0.
9.836981,30.070164,4.797816
0.0,0.0,0.
0.0,0.0,0.
8.301003,28.190779,6.03103
7.9739866,28.190779,6.45720
0.0,0.0,0.
7.013498,27.251085,7.013497
6.5071764,27.251085,7.4856
5.8959217,26.311394,7.54643
5.4928913,26.311394,7.844661
5.2560487,27.251085,8.41143
4.6564937,27.251085,8.75758
4.0472307,26.311394,8.67931
3.7155674,27.251085,9.19635
3.0650108,27.251085,9.43313
2.7441614,29.13047,10.24134
2.417739,31.949549,11.3745
1.7656236,31.009857,11.14770
1.1327435,35.70832,12.94730
0.46551687,36.64801,13.33065
-0.0,0.0,0.
-0.0,0.0,0.
-1.8087997,35.70832,12.8702
-0.0,0.0,0.
-0.0,0.0,0.
-3.9105303,34.768627,12.035377
-12.011766,92.089874,31.29172
-13.632985,92.089874,30.62019
-15.061564,91.150185,29.55999
-6.693828,35.70832,11.14040
-18.169245,89.2708,26.93701
-19.759956,90.210495,26.22234
-20.8854,89.2708,24.8902
-8.315549,32.88924,8.61100
-5.753167,21.61293,5.364914
-25.15225,90.210495,21.10524
-6.0874023,20.673237,4.42275
-6.3105283,20.673237,4.098105
-6.5163584,20.673237,3.762221
-6.704327,20.673237,3.41602
-7.241117,21.61293,3.07367
-7.392057,21.61293,2.690489
-31.399244,90.210495,9.59971
-31.858624,90.210495,7.94324
-32.33511,90.210495,5.70155
-38.69967,107.12496,4.75171
-32.412766,89.2708,2.266521
-33.175953,91.150185,-2.9003338
-0.0,0.0,-0.
-0.0,0.0,-0.
-0.0,0.0,-0.
-0.0,0.0,-0.
-0.0,0.0,-0.
-13.258842,38.527397,-4.56538
-47.250214,140.0142,-19.09032
-0.0,0.0,-0.
-0.0,0.0,-0.
-0.0,0.0,-0.
-33.480713,113.702805,-24.32515
-32.161743,113.702805,-26.04407
-30.500458,112.763115,-27.46273
-2.6602924,10.336618,-2.66029
-2.0194685,8.457233,-2.32313
-1.8951175,8.457233,-2.425639
-1.5693972,7.517541,-2.24133
-1.4499447,7.517541,-2.32039
-1.1239812,6.5778484,-2.11390
-1.0118074,6.5778484,-2.169828
-0.89686143,6.5778484,-2.219808
-0.7398305,6.5778484,-2.276963
-0.6196491,6.5778484,-2.312562
-0.49777046,6.5778484,-2.34182
-0.3745263,6.5778484,-2.36466
-0.20866306,6.5778484,-2.385030
-0.08355495,6.5778484,-2.392682
0.041783314,6.5778484,-2.393776
0.23858151,9.396926,-3.411869
0.0,0.0,-0.
0.0,0.0,-0.
0.0,0.0,-0.
0.0,0.0,-0.
0.0,0.0,-0.
0.0,0.0,-0.
0.0,0.0,-0.
0.0,0.0,-0.
0.0,0.0,-0.
0.0,0.0,-0.
0.0,0.0,-0.
0.0,0.0,-0.
13.007161,48.864017,-12.12937
1.8340181,6.5778484,-1.538924
1.6602004,5.638156,-1.206206
1.7210534,5.638156,-1.117664
1.7771885,5.638156,-1.026060
1.828453,5.638156,-0.931643
1.8889871,5.638156,-0.801827
1.9283625,5.638156,-0.7018670
1.9624528,5.638156,-0.5999821
18.91606,53.56248,-4.716300
0.0,0.0,-0.
0.0,0.0,-0.
2.0471218,5.638156,-0.1431485
2.5357096,5.4378467,4.4335752
0.0,0.0,-0.
0.0,0.0,-0.
0.0,0.0,-0.
0.0,0.0,-0.
0.0,0.0,-0.
0.0,0.0,-0.
0.0,0.0,-0.
0.0,0.0,-0.
0.0,0.0,-0.
0.0,0.0,-0.
0.0,0.0,-0.
12.480568,34.439693,-10.10657
0.0,0.0,-0.
0.0,0.0,-0.
0.0,0.0,-0.
0.0,0.0,-0.
0.0,0.0,-0.
0.0,0.0,-0.
0.0,0.0,-0.
0.0,0.0,-0.
0.0,0.0,-0.
0.0,0.0,-0.
0.0,0.0,-0.
3.6025546,37.15862,-16.94870
0.0,0.0,-0.
0.0,0.0,-0.
0.0,0.0,-0.
-0.0,0.0,-0.
-0.23584312,7.250462,-3.372710
-0.47053728,7.250462,-3.34804
-0.5644751,6.3441544,-2.90397
-0.71568435,6.3441544,-2.87045
-0.91417384,6.3441544,-2.81353
-1.0601693,6.3441544,-2.761837
-1.2032603,6.3441544,-2.702566
-1.3430532,6.3441544,-2.635889
-1.5236522,6.3441544,-2.535781
-1.890601,7.250462,-2.802931
-2.0347047,7.250462,-2.700143
-2.17323,7.250462,-2.589955
-2.6421778,8.15677,-2.736055
-2.7817512,8.15677,-2.594024
-3.2374442,9.063078,-2.716537
-41.370552,109.66324,-30.05745
-0.0,0.0,-0.
-0.0,0.0,-0.
-0.0,0.0,-0.
-0.0,0.0,-0.
-0.0,0.0,-0.
-0.0,0.0,-0.
-0.0,0.0,-0.
-22.05848,48.03431,-3.889506
-0.0,0.0,-0.
-0.0,0.0,-0.
-0.0,0.0,-0.
-0.0,0.0,0.
-0.0,0.0,0.
-0.0,0.0,0.
-39.531513,87.00555,9.12657
-0.0,0.0,0.
-39.16016,88.81816,13.48392
-37.225258,86.099236,15.03998
-0.0,0.0,0.
-8.871127,21.751387,4.91734
-8.243214,20.845078,5.15093
-7.8638244,20.845078,5.713401
-7.554029,20.845078,6.11713
-7.2235312,20.845078,6.50409
-7.1720695,21.751387,7.172069
-6.377038,20.845078,7.33594
-8.846453,30.814465,11.32294
-8.484136,31.720772,12.11660
-9.853958,39.87754,15.76962
-18.84869,86.099236,35.4492
-17.324804,87.91185,37.15315
-23.589024,135.03986,58.3848
-0.0,0.0,0.
-4.9221745,40.783848,18.36980
-0.0,0.0,0.
-0.0,0.0,0.
-0.0,0.0,0.
-0.0,0.0,0.
0.0,0.0,0.
0.0,0.0,0.
2.9408548,45.315388,20.92526
4.7577243,53.472157,24.47636
5.7254744,50.753235,22.96362
7.313388,50.753235,22.50829
0.0,0.0,0.
8.938505,47.128002,20.07621
9.976964,47.128002,19.58089
11.318554,47.128002,18.83723
9.68933,37.15862,14.36502
13.988592,49.846928,18.56348
12.767728,42.596466,15.21598
13.79804,42.596466,14.28828
14.526921,42.596466,13.54657
17.482197,48.94062,14.66930
18.804796,49.846928,13.66248
0.0,0.0,0.
0.0,0.0,0.
0.0,0.0,0.
0.0,0.0,0.
0.0,0.0,0.
0.0,0.0,0.
0.0,0.0,0.
0.0,0.0,0.
19.715002,42.596466,2.420698
43.42365,93.3497,3.03647
51.5,89.200615,0.
0.0,0.0,0.
0.0,0.0,0.
0.0,0.0,0.
0.0,0.0,0.
46.14056,83.138435,13.23059
60.985947,111.71728,20.99914
0.0,0.0,0.
0.0,0.0,0.
0.0,0.0,0.
0.0,0.0,0.
0.0,0.0,0.
19.428648,43.30127,15.73300
18.207048,42.435246,16.393
16.617008,40.703194,16.61700
16.401476,43.30127,18.86773
13.544553,38.105118,17.33623
13.192259,39.83717,18.84049
12.188143,39.83717,19.50510
10.797847,39.83717,20.30779
12.889856,52.82755,27.6423
0.0,0.0,0.
7.5709157,42.435246,23.30088
6.3410673,42.435246,23.66518
0.0,0.0,0.
0.0,0.0,0.
0.0,0.0,0.
0.0,0.0,0.
-0.0,0.0,0.
-0.0,0.0,0.
-0.0,0.0,0.
-4.3886075,39.83717,22.57742
-17.660297,126.439705,70.8315
-0.0,0.0,0.
-0.0,0.0,0.
-0.0,0.0,0.
-22.018534,84.00446,43.2138
-24.979343,84.00446,41.57261
-27.120853,84.00446,40.20832
-28.887125,83.138435,38.33450
-11.248784,30.310888,13.40577
-12.15652,30.310888,12.58844
-12.067337,28.578838,11.25297
-13.022756,29.444862,10.9273
-0.0,0.0,0.
-13.838064,28.578838,8.98654
-0.0,0.0,0.
-66.37998,129.03778,33.822
-68.577614,129.03778,29.1094
-70.0071,129.03778,25.48050
-46.38078,84.00446,14.18003
-47.54449,84.87049,11.85417
-0.0,0.0,0.
-45.16085,78.80831,5.54505
-47.384293,82.272415,3.313432
-0.0,0.0,-0.
-0.0,0.0,-0.
-0.0,0.0,-0.
-0.0,0.0,-0.
-0.0,0.0,-0.
-0.0,0.0,-0.
-0.0,0.0,-0.
-0.0,0.0,-0.
-15.2795,29.444862,-7.45230
-63.409927,125.573685,-35.14870
-0.0,0.0,-0.
-13.348782,28.578838,-9.69845
-0.0,0.0,-0.
-44.960262,104.78907,-40.48240
-20.859652,51.095497,-20.85964
-3.2802951,8.660254,-3.773548
-3.0783076,8.660254,-3.940053
-2.2943053,6.928203,-3.276608
-2.3846374,7.7942286,-3.816216
-1.8778865,6.928203,-3.531790
-1.6904727,6.928203,-3.625231
-1.4984272,6.928203,-3.708735
-1.2360684,6.928203,-3.80422
-1.0352759,6.928203,-3.863703
-0.8316477,6.928203,-3.912590
-0.6257381,6.928203,-3.950753
-0.34862286,6.928203,-3.98477
-0.17449883,8.660254,-4.99695
0.0,0.0,-0.
0.0,0.0,-0.
0.0,0.0,-0.
0.0,0.0,-0.
0.0,0.0,-0.
0.0,0.0,-0.
0.0,0.0,-0.
0.0,0.0,-0.
0.0,0.0,-0.
0.0,0.0,-0.
0.0,0.0,-0.
0.0,0.0,-0.
14.784113,39.83717,-17.61902
0.0,0.0,-0.
0.0,0.0,-0.
0.0,0.0,-0.
0.0,0.0,-0.
0.0,0.0,-0.
0.0,0.0,-0.
0.0,0.0,-0.
0.0,0.0,-0.
0.0,0.0,-0.
0.0,0.0,-0.
0.0,0.0,-0.
26.58981,46.76537,-4.68850
66.996864,116.91343,-8.22618
0.0,0.0,-0.
0.0,0.0,0.
0.0,0.0,-0.
0.0,0.0,-0.
0.0,0.0,-0.
0.0,0.0,-0.
0.0,0.0,-0.
0.0,0.0,-0.
0.0,0.0,-0.
0.0,0.0,-0.
0.0,0.0,-0.
0.0,0.0,-0.
0.0,0.0,-0.
36.99746,67.989624,-29.9599
54.1338,104.03231,-48.74228
0.0,0.0,-0.
0.0,0.0,-0.
0.0,0.0,-0.
0.0,0.0,-0.
0.0,0.0,-0.
0.0,0.0,-0.
0.0,0.0,-0.
0.0,0.0,-0.
0.0,0.0,-0.
0.0,0.0,-0.
4.770125,32.766083,-22.44169
13.189893,120.41535,-83.2776
0.0,0.0,-0.
0.0,0.0,-0.
-0.0,0.0,-0.
-0.0,0.0,-0.
-0.0,0.0,-0.
-3.1738603,23.75541,-16.3281
-1.3876072,8.191521,-5.565387
-1.5952044,7.3723683,-4.909532
-1.6444105,6.5532165,-4.283838
-2.099651,7.3723683,-4.715893
-2.0831869,6.5532165,-4.08848
-2.6587245,7.3723683,-4.42485
-2.886659,7.3723683,-4.27964
-3.45187,8.191521,-4.58078
-12.535384,27.85117,-14.93909
-14.742268,30.308626,-15.26606
-0.0,0.0,-0.
-0.0,0.0,-0.
-0.0,0.0,-0.
-0.0,0.0,-0.
-0.0,0.0,-0.
-15.331812,24.574562,-7.81194
-15.839398,24.574562,-6.72342
-0.0,0.0,-0.
-0.0,0.0,-0.
-0.0,0.0,-0.
-0.0,0.0,-0.
-0.0,0.0,-0.
-0.0,0.0,-0.
-0.0,0.0,-0.
-33.22184,47.51082,1.74108
-73.58603,105.670616,7.734205
-0.0,0.0,0.
-0.0,0.0,0.
-0.0,0.0,0.
-0.0,0.0,0.
-0.0,0.0,0.
-0.0,0.0,0.
-0.0,0.0,0.
-0.0,0.0,0.
-0.0,0.0,0.
-0.0,0.0,0.
-14.492512,27.85117,13.04911
-0.0,0.0,0.
-0.0,0.0,0.
-52.263077,121.234505,66.8936
-49.0195,122.05366,70.007
-0.0,0.0,0.
-0.0,0.0,0.
-0.0,0.0,0.
-0.0,0.0,0.
-0.0,0.0,0.
-0.0,0.0,0.
-0.0,0.0,0.
-5.742535,52.42573,36.25694
-6.8486977,112.22383,78.2809
-0.0,0.0,0.
0.0,0.0,0.
0.0,0.0,0.
0.0,0.0,0.
0.0,0.0,0.
7.493078,44.23421,30.05309
8.507753,39.319298,26.18417
10.894226,43.41506,28.38042
12.364611,43.41506,27.77137
12.759515,40.13845,25.04195
14.770685,40.957603,24.58254
15.716253,40.13845,23.30030
16.91416,40.13845,22.44584
18.434391,40.957603,21.96925
21.117304,43.41506,21.86760
18.876926,36.861843,17.6030
0.0,0.0,0.
0.0,0.0,0.
0.0,0.0,0.
0.0,0.0,0.
0.0,0.0,0.
0.0,0.0,0.
0.0,0.0,0.
0.0,0.0,0.
0.0,0.0,0.
0.0,0.0,0.
48.959896,70.447075,6.011519
77.816376,111.40468,5.44145
0.0,0.0,0.
0.0,0.0,0.
0.0,0.0,0.
0.0,0.0,0.
0.0,0.0,0.
0.0,0.0,0.
0.0,0.0,0.
0.0,0.0,0.
0.0,0.0,0.
33.73168,45.962666,18.69777
0.0,0.0,0.
0.0,0.0,0.
0.0,0.0,0.
0.0,0.0,0.
0.0,0.0,0.
0.0,0.0,0.
0.0,0.0,0.
0.0,0.0,0.
0.0,0.0,0.
0.0,0.0,0.
0.0,0.0,0.
11.798832,37.53618,29.20313
0.0,0.0,0.
0.0,0.0,0.
0.0,0.0,0.
0.0,0.0,0.
0.0,0.0,0.
0.0,0.0,0.
-0.0,0.0,0.
-0.0,0.0,0.
-0.0,0.0,0.
-0.0,0.0,0.
-0.0,0.0,0.
-16.685108,64.34773,51.35149
-22.344383,74.30631,58.2091
-0.0,0.0,0.
-0.0,0.0,0.
-0.0,0.0,0.
-0.0,0.0,0.
-0.0,0.0,0.
-0.0,0.0,0.
-0.0,0.0,0.
-0.0,0.0,0.
-17.234135,26.811556,14.46115
-75.403786,111.07645,54.78404
-0.0,0.0,0.
-0.0,0.0,0.
-0.0,0.0,0.
-0.0,0.0,0.
-0.0,0.0,0.
-0.0,0.0,0.
-0.0,0.0,0.
-0.0,0.0,0.
-0.0,0.0,0.
-0.0,0.0,0.
-0.0,0.0,-0.
-0.0,0.0,-0.
-62.6481,75.07236,-6.58457
-81.26385,98.05369,-12.87092
-0.0,0.0,-0.
-0.0,0.0,-0.
-0.0,0.0,-0.
-19.667414,25.279467,-7.946152
-17.33201,22.981333,-8.45338
-0.0,0.0,-0.
-0.0,0.0,-0.
-0.0,0.0,-0.
-0.0,0.0,-0.
-14.808211,23.747377,-13.33337
-13.181066,22.215288,-13.18106
-14.75973,26.811556,-16.9791
-12.267926,23.747377,-15.70222
-19.909138,41.366398,-28.43320
-0.0,0.0,-0.
-11.769051,29.875732,-22.13436
-8.421265,23.747377,-18.05946
-32.26621,102.649956,-79.8616
-0.0,0.0,-0.
-0.0,0.0,-0.
-5.613014,32.173866,-26.40712
-4.1227207,31.407822,-26.02982
-2.296927,31.407822,-26.25400
-0.7178603,24.513422,-20.55667
0.37019846,25.279467,-21.20876
0.0,0.0,-0.
0.0,0.0,-0.
0.0,0.0,-0.
0.0,0.0,-0.
0.0,0.0,-0.
0.0,0.0,-0.
0.0,0.0,-0.
0.0,0.0,-0.
0.0,0.0,-0.
0.0,0.0,-0.
0.0,0.0,-0.
29.335484,54.389156,-34.9606
57.15427,98.05369,-59.18498
0.0,0.0,-0.
0.0,0.0,-0.
0.0,0.0,-0.
0.0,0.0,-0.
0.0,0.0,-0.
0.0,0.0,-0.
0.0,0.0,-0.
0.0,0.0,-0.
0.0,0.0,-0.
0.0,0.0,-0.
34.183197,41.366398,-6.027429
85.49151,102.649956,-10.49704
0.0,0.0,-0.
0.0,0.0,0.
0.0,0.0,-0.
0.0,0.0,-0.
0.0,0.0,-0.
0.0,0.0,-0.
0.0,0.0,-0.
0.0,0.0,-0.
0.0,0.0,-0.
0.0,0.0,-0.
0.0,0.0,-0.
0.0,0.0,-0.
0.0,0.0,-0.
42.313427,54.44722,-34.2647
69.36373,93.3381,-62.4553
0.0,0.0,-0.
0.0,0.0,-0.
0.0,0.0,-0.
0.0,0.0,-0.
0.0,0.0,-0.
0.0,0.0,-0.
0.0,0.0,-0.
0.0,0.0,-0.
0.0,0.0,-0.
0.0,0.0,-0.
4.998531,24.04163,-23.51626
0.0,0.0,-0.
0.0,0.0,-0.
0.0,0.0,-0.
-0.0,0.0,-0.
-0.0,0.0,-0.
-0.0,0.0,-0.
-0.0,0.0,-0.
-0.0,0.0,-0.
-0.0,0.0,-0.
-0.0,0.0,-0.
-0.0,0.0,-0.
-8.667537,19.091883,-17.0109
-13.839109,26.870058,-23.03213
-15.025545,26.870058,-22.27628
-16.170809,26.870058,-21.4593
-17.271738,26.870058,-20.58366
-15.227125,21.92031,-15.76815
-15.514356,21.213203,-14.46736
-15.708582,20.506096,-13.18106
-16.58978,20.506096,-12.05317
-16.604832,19.79899,-10.78330
-0.0,0.0,-0.
-0.0,0.0,-0.
-19.526857,21.213203,-8.28865
-0.0,0.0,-0.
-0.0,0.0,-0.
-0.0,0.0,-0.
-0.0,0.0,-0.
-0.0,0.0,-0.
-0.0,0.0,-0.
-0.0,0.0,-0.
-0.0,0.0,0.
-0.0,0.0,0.
-0.0,0.0,0.
-0.0,0.0,0.
-44.861168,46.66905,12.86373
-90.25865,95.45941,31.0785
-0.0,0.0,0.
-0.0,0.0,0.
-0.0,0.0,0.
-0.0,0.0,0.
-0.0,0.0,0.
-0.0,0.0,0.
-0.0,0.0,0.
-0.0,0.0,0.
-0.0,0.0,0.
-0.0,0.0,0.
-19.062248,33.234016,27.22371
-51.33521,96.87363,82.1534
-0.0,0.0,0.
-0.0,0.0,0.
-0.0,0.0,0.
-0.0,0.0,0.
-0.0,0.0,0.
-0.0,0.0,0.
-0.0,0.0,0.
-0.0,0.0,0.
-0.0,0.0,0.
0.0,0.0,0.
2.2689638,32.526913,32.44767
14.367895,103.23759,102.2328
0.0,0.0,0.
0.0,0.0,0.
11.1439085,36.062447,34.29742
0.0,0.0,0.
0.0,0.0,0.
0.0,0.0,0.
18.209345,35.35534,30.30543
0.0,0.0,0.
0.0,0.0,0.
0.0,0.0,0.
0.0,0.0,0.
0.0,0.0,0.
0.0,0.0,0.
0.0,0.0,0.
0.0,0.0,0.
0.0,0.0,0.
0.0,0.0,0.
0.0,0.0,0.
53.157043,56.568542,19.3475
89.935875,94.0452,27.49615
0.0,0.0,0.
0.0,0.0,0.
0.0,0.0,0.
0.0,0.0,0.
0.0,0.0,0.
0.0,0.0,0.
0.0,0.0,0.
0.0,0.0,0.
0.0,0.0,0.
74.37329,64.921555,21.32619
92.71158,82.27682,31.92315
0.0,0.0,0.
0.0,0.0,0.
0.0,0.0,0.
0.0,0.0,0.
0.0,0.0,0.
0.0,0.0,0.
0.0,0.0,0.
0.0,0.0,0.
0.0,0.0,0.
0.0,0.0,0.
20.651098,30.21102,29.49282
60.485317,95.77536,96.7967
0.0,0.0,0.
0.0,0.0,0.
0.0,0.0,0.
0.0,0.0,0.
0.0,0.0,0.
0.0,0.0,0.
0.0,0.0,0.
0.0,0.0,0.
0.0,0.0,0.
-0.0,0.0,0.
-2.7252648,32.78217,38.973
-0.0,0.0,0.
-0.0,0.0,0.
-0.0,0.0,0.
-0.0,0.0,0.
-0.0,0.0,0.
-0.0,0.0,0.
-0.0,0.0,0.
-0.0,0.0,0.
-0.0,0.0,0.
-0.0,0.0,0.
-0.0,0.0,0.
-29.26765,35.35332,30.30754
-72.27219,82.9196,67.3948
-0.0,0.0,0.
-0.0,0.0,0.
-0.0,0.0,0.
-0.0,0.0,0.
-0.0,0.0,0.
-0.0,0.0,0.
-0.0,0.0,0.
-0.0,0.0,0.
-0.0,0.0,0.
-0.0,0.0,0.
-46.3804,39.210045,5.694794
-99.34319,83.56239,6.946752
-0.0,0.0,-0.
-0.0,0.0,-0.
-0.0,0.0,-0.
-0.0,0.0,-0.
-0.0,0.0,-0.
-0.0,0.0,-0.
-0.0,0.0,-0.
-0.0,0.0,-0.
-0.0,0.0,-0.
-0.0,0.0,-0.
-18.839632,18.64084,-11.77230
-19.831778,20.569204,-14.40862
-0.0,0.0,-0.
-21.063433,23.783142,-18.96560
-20.583658,24.42593,-20.58365
-0.0,0.0,-0.
-16.03522,21.85478,-20.52414
-9.227084,13.49854,-13.17764
-13.396079,21.211992,-21.43820
-12.587265,22.497568,-23.67319
-11.331051,22.497568,-24.29952
-9.46986,21.211992,-23.43871
-7.5750666,20.569204,-23.31364
-7.5341396,24.42593,-28.11780
-0.0,0.0,-0.
-0.0,0.0,-0.
-0.0,0.0,-0.
-0.0,0.0,-0.
0.4812931,23.140354,-27.573
0.0,0.0,-0.
0.0,0.0,-0.
0.0,0.0,-0.
0.0,0.0,-0.
0.0,0.0,-0.
0.0,0.0,-0.
0.0,0.0,-0.
0.0,0.0,-0.
0.0,0.0,-0.
0.0,0.0,-0.
0.0,0.0,-0.
28.067017,36.638897,-33.44897
67.58167,81.63403,-69.9828
0.0,0.0,-0.
0.0,0.0,-0.
0.0,0.0,-0.
0.0,0.0,-0.
0.0,0.0,-0.
0.0,0.0,-0.
0.0,0.0,-0.
0.0,0.0,-0.
0.0,0.0,-0.
0.0,0.0,-0.
45.26439,38.567257,-7.981345
100.36415,84.84797,-12.32317
0.0,0.0,-0.
0.0,0.0,0.
0.0,0.0,-0.
0.0,0.0,-0.
0.0,0.0,-0.
0.0,0.0,-0.
0.0,0.0,-0.
0.0,0.0,-0.
0.0,0.0,-0.
0.0,0.0,-0.
0.0,0.0,-0.
0.0,0.0,-0.
0.0,0.0,-0.
49.654846,44.738964,-40.20972
80.35482,75.71209,-72.351
0.0,0.0,-0.
0.0,0.0,-0.
0.0,0.0,-0.
0.0,0.0,-0.
0.0,0.0,-0.
0.0,0.0,-0.
0.0,0.0,-0.
0.0,0.0,-0.
0.0,0.0,-0.
0.0,0.0,-0.
5.790578,19.501598,-27.24255
0.0,0.0,-0.
0.0,0.0,-0.
0.0,0.0,-0.
-0.0,0.0,-0.
-0.0,0.0,-0.
-0.0,0.0,-0.
-0.0,0.0,-0.
-0.0,0.0,-0.
-9.365884,21.222328,-28.82521
-10.568077,20.648752,-27.53079
-11.328092,19.501598,-25.4433
-11.528509,17.78087,-22.62596
-13.50063,18.354446,-22.4688
-0.0,0.0,-0.
-16.761255,19.501598,-22.24293
-17.375845,18.928022,-20.7077
-18.208986,18.354446,-18.85595
-14.977248,14.339411,-13.96650
-17.570194,16.06014,-14.74314
-0.0,0.0,-0.
-0.0,0.0,-0.
-0.0,0.0,-0.
-0.0,0.0,-0.
-22.621004,17.207294,-9.60204
-22.322783,16.633717,-8.12482
-24.284128,17.78087,-7.42440
-23.844593,17.207294,-5.94512
-24.20122,17.207294,-4.26732
-0.0,0.0,-0.
-66.18969,46.459694,-4.62842
-108.128075,75.71209,-9.452856
-0.0,0.0,0.
-0.0,0.0,0.
-0.0,0.0,0.
-0.0,0.0,0.
-0.0,0.0,0.
-0.0,0.0,0.
-0.0,0.0,0.
-0.0,0.0,0.
-0.0,0.0,0.
-0.0,0.0,0.
-0.0,0.0,0.
-0.0,0.0,0.
-59.048615,55.636917,53.16761
-75.29964,74.56494,75.2996
-0.0,0.0,0.
-0.0,0.0,0.
-0.0,0.0,0.
-0.0,0.0,0.
-0.0,0.0,0.
-0.0,0.0,0.
-0.0,0.0,0.
-0.0,0.0,0.
-0.0,0.0,0.
-0.0,0.0,0.
-6.5353236,29.2524,41.26241
-9.923742,79.72713,113.4288
-0.0,0.0,0.
0.0,0.0,0.
0.0,0.0,0.
0.0,0.0,0.
0.0,0.0,0.
0.0,0.0,0.
0.0,0.0,0.
0.0,0.0,0.
0.0,0.0,0.
0.0,0.0,0.
20.250935,27.53167,33.70321
0.0,0.0,0.
0.0,0.0,0.
0.0,0.0,0.
0.0,0.0,0.
0.0,0.0,0.
0.0,0.0,0.
0.0,0.0,0.
0.0,0.0,0.
0.0,0.0,0.
0.0,0.0,0.
0.0,0.0,0.
53.88258,40.150352,19.61165
104.186745,76.28567,31.85308
0.0,0.0,0.
0.0,0.0,0.
0.0,0.0,0.
0.0,0.0,0.
0.0,0.0,0.
0.0,0.0,0.
0.0,0.0,0.
0.0,0.0,0.
0.0,0.0,0.
88.24257,52.999996,25.3031
104.81192,63.999996,36.08963
0.0,0.0,0.
0.0,0.0,0.
0.0,0.0,0.
0.0,0.0,0.
0.0,0.0,0.
0.0,0.0,0.
0.0,0.0,0.
0.0,0.0,0.
0.0,0.0,0.
0.0,0.0,0.
23.346395,23.499998,33.34210
66.08499,71.99999,105.75809
0.0,0.0,0.
0.0,0.0,0.
0.0,0.0,0.
0.0,0.0,0.
0.0,0.0,0.
0.0,0.0,0.
0.0,0.0,0.
0.0,0.0,0.
0.0,0.0,0.
-0.0,0.0,0.
-3.7454748,30.999998,53.56278
-16.391731,67.99999,116.6332
-0.0,0.0,0.
-0.0,0.0,0.
-0.0,0.0,0.
-0.0,0.0,0.
-0.0,0.0,0.
-0.0,0.0,0.
-0.0,0.0,0.
-0.0,0.0,0.
-0.0,0.0,0.
-0.0,0.0,0.
-0.0,0.0,0.
-0.0,0.0,0.
-65.677986,49.499996,55.11037
-85.47678,60.999996,62.10250
-0.0,0.0,0.
-0.0,0.0,0.
-0.0,0.0,0.
-0.0,0.0,0.
-0.0,0.0,0.
-0.0,0.0,0.
-0.0,0.0,0.
-0.0,0.0,0.
-0.0,0.0,0.
-0.0,0.0,0.
-51.961525,29.999998,-4.542621
-113.29385,65.49999,-5.93748
-0.0,0.0,-0.
-0.0,0.0,-0.
-0.0,0.0,-0.
-0.0,0.0,-0.
-0.0,0.0,-0.
-0.0,0.0,-0.
-0.0,0.0,-0.
-0.0,0.0,-0.
-0.0,0.0,-0.
-0.0,0.0,-0.
-22.209929,16.499998,-17.98524
-20.594635,15.999999,-18.54349
-19.59592,15.999999,-19.59591
-17.613077,15.499999,-20.2615
-17.061712,15.999999,-21.83799
-0.0,0.0,-0.
-15.603405,16.999998,-24.97066
-0.0,0.0,-0.
-0.0,0.0,-0.
-0.0,0.0,-0.
-0.0,0.0,-0.
-0.0,0.0,-0.
-0.0,0.0,-0.
-0.0,0.0,-0.
-0.0,0.0,-0.
-0.0,0.0,-0.
0.0,0.0,-0.
0.0,0.0,-0.
5.1826863,21.499998,-36.87668
0.0,0.0,-0.
0.0,0.0,-0.
0.0,0.0,-0.
0.0,0.0,-0.
0.0,0.0,-0.
0.0,0.0,-0.
0.0,0.0,-0.
0.0,0.0,-0.
0.0,0.0,-0.
0.0,0.0,-0.
0.0,0.0,-0.
38.00226,29.999998,-35.4376
80.93649,60.999996,-67.913
0.0,0.0,-0.
0.0,0.0,-0.
0.0,0.0,-0.
0.0,0.0,-0.
0.0,0.0,-0.
0.0,0.0,-0.
0.0,0.0,-0.
0.0,0.0,-0.
0.0,0.0,-0.
0.0,0.0,-0.
55.290615,31.999998,-3.866291
0.0,0.0,0.
104.08256,48.601097,-5.454736
0.0,0.0,-0.
0.0,0.0,-0.
0.0,0.0,-0.
0.0,0.0,-0.
0.0,0.0,-0.
0.0,0.0,-0.
0.0,0.0,-0.
0.0,0.0,-0.
0.0,0.0,-0.
0.0,0.0,-0.
0.0,0.0,-0.
0.0,0.0,-0.
61.522205,40.57135,-61.52222
77.29686,54.940372,-88.91991
0.0,0.0,-0.
0.0,0.0,-0.
0.0,0.0,-0.
0.0,0.0,-0.
0.0,0.0,-0.
0.0,0.0,-0.
0.0,0.0,-0.
0.0,0.0,-0.
0.0,0.0,-0.
0.0,0.0,-0.
3.0016172,16.059494,-34.30864
0.0,0.0,-0.
-0.0,0.0,-0.
-0.0,0.0,-0.
-0.0,0.0,-0.
-0.0,0.0,-0.
-0.0,0.0,-0.
-0.0,0.0,-0.
-0.0,0.0,-0.
-0.0,0.0,-0.
-0.0,0.0,-0.
-0.0,0.0,-0.
-15.204026,12.678547,-22.54089
-17.453753,13.523784,-23.16190
-0.0,0.0,-0.
-0.0,0.0,-0.
-0.0,0.0,-0.
-0.0,0.0,-0.
-21.996553,12.678547,-15.98142
-24.323,13.523784,-15.79553
-0.0,0.0,-0.
-0.0,0.0,-0.
-0.0,0.0,-0.
-0.0,0.0,-0.
-38.135086,18.595203,-11.65906
-0.0,0.0,-0.
-0.0,0.0,-0.
-0.0,0.0,-0.
-0.0,0.0,-0.
-0.0,0.0,-0.
-0.0,0.0,0.
-0.0,0.0,0.
-0.0,0.0,0.
-0.0,0.0,0.
-0.0,0.0,0.
-0.0,0.0,0.
-47.897896,24.08924,19.3520
-113.22719,58.743935,55.22458
-0.0,0.0,0.
-0.0,0.0,0.
-0.0,0.0,0.
-0.0,0.0,0.
-0.0,0.0,0.
-0.0,0.0,0.
-0.0,0.0,0.
-0.0,0.0,0.
-0.0,0.0,0.
-0.0,0.0,0.
-0.0,0.0,0.
-0.0,0.0,0.
-32.592857,40.57135,80.6701
-36.688446,55.36299,112.9154
-0.0,0.0,0.
-0.0,0.0,0.
-0.0,0.0,0.
-0.0,0.0,0.
-0.0,0.0,0.
0.0,0.0,0.
0.0,0.0,0.
0.0,0.0,0.
0.0,0.0,0.
0.0,0.0,0.
12.882967,19.44044,39.64969
48.393967,62.97012,126.0705
0.0,0.0,0.
0.0,0.0,0.
0.0,0.0,0.
0.0,0.0,0.
0.0,0.0,0.
0.0,0.0,0.
0.0,0.0,0.
0.0,0.0,0.
0.0,0.0,0.
0.0,0.0,0.
35.724403,19.863058,23.199
0.0,0.0,0.
0.0,0.0,0.
0.0,0.0,0.
0.0,0.0,0.
0.0,0.0,0.
0.0,0.0,0.
0.0,0.0,0.
0.0,0.0,0.
0.0,0.0,0.
0.0,0.0,0.
104.162926,37.964237,5.45894
110.2763,40.35838,11.59050
0.0,0.0,0.
0.0,0.0,0.
0.0,0.0,0.
0.0,0.0,0.
0.0,0.0,0.
0.0,0.0,0.
0.0,0.0,0.
0.0,0.0,0.
0.0,0.0,0.
0.0,0.0,0.
43.296314,21.20525,38.9841
87.70912,45.14666,87.7091
0.0,0.0,0.
0.0,0.0,0.
0.0,0.0,0.
0.0,0.0,0.
0.0,0.0,0.
0.0,0.0,0.
0.0,0.0,0.
0.0,0.0,0.
0.0,0.0,0.
0.0,0.0,0.
10.1430235,23.59939,64.0405
10.728856,44.80464,122.6313
0.0,0.0,0.
-0.0,0.0,0.
-0.0,0.0,0.
-0.0,0.0,0.
-0.0,0.0,0.
-0.0,0.0,0.
-0.0,0.0,0.
-0.0,0.0,0.
-0.0,0.0,0.
-0.0,0.0,0.
-27.102736,19.15313,45.10653
-69.88743,45.48868,103.6123
-0.0,0.0,0.
-0.0,0.0,0.
-0.0,0.0,0.
-0.0,0.0,0.
-0.0,0.0,0.
-0.0,0.0,0.
-0.0,0.0,0.
-0.0,0.0,0.
-0.0,0.0,0.
-0.0,0.0,0.
-46.800175,18.127068,17.03387
-119.51812,45.48868,36.54037
-0.0,0.0,0.
-0.0,0.0,0.
-0.0,0.0,0.
-0.0,0.0,0.
-0.0,0.0,-0.
-0.0,0.0,-0.
-0.0,0.0,-0.
-0.0,0.0,-0.
-0.0,0.0,-0.
-0.0,0.0,-0.
-48.86733,18.811108,-16.82636
-115.00735,45.14666,-46.46599
-0.0,0.0,-0.
-0.0,0.0,-0.
-0.0,0.0,-0.
-0.0,0.0,-0.
-0.0,0.0,-0.
-0.0,0.0,-0.
-0.0,0.0,-0.
-0.0,0.0,-0.
-0.0,0.0,-0.
-0.0,0.0,-0.
-15.436801,10.602625,-24.70403
-0.0,0.0,-0.
-0.0,0.0,-0.
-0.0,0.0,-0.
-0.0,0.0,-0.
-0.0,0.0,-0.
-0.0,0.0,-0.
-0.0,0.0,-0.
-0.0,0.0,-0.
-0.0,0.0,-0.
0.0,0.0,-0.
0.0,0.0,-0.
8.239146,21.54727,-58.62449
23.309221,44.46262,-119.9156
0.0,0.0,-0.
0.0,0.0,-0.
0.0,0.0,-0.
0.0,0.0,-0.
0.0,0.0,-0.
0.0,0.0,-0.
0.0,0.0,-0.
0.0,0.0,-0.
0.0,0.0,-0.
0.0,0.0,-0.
37.79863,18.811108,-35.2477
95.73954,45.48868,-80.33504
0.0,0.0,-0.
0.0,0.0,-0.
0.0,0.0,-0.
0.0,0.0,-0.
0.0,0.0,-0.
0.0,0.0,-0.
0.0,0.0,-0.
0.0,0.0,-0.
0.0,0.0,-0.
0.0,0.0,-0.
48.744987,17.785048,-3.40857
0.0,0.0,0.
126.36286,33.9053,-6.62239
0.0,0.0,-0.
0.0,0.0,-0.
0.0,0.0,-0.
0.0,0.0,-0.
0.0,0.0,-0.
0.0,0.0,-0.
0.0,0.0,-0.
0.0,0.0,-0.
0.0,0.0,-0.
0.0,0.0,-0.
0.0,0.0,-0.
0.0,0.0,-0.
58.056065,21.99962,-58.05608
83.64895,34.164116,-96.2271
0.0,0.0,-0.
0.0,0.0,-0.
0.0,0.0,-0.
0.0,0.0,-0.
0.0,0.0,-0.
0.0,0.0,-0.
0.0,0.0,-0.
0.0,0.0,-0.
0.0,0.0,-0.
0.0,0.0,-0.
3.367439,10.352763,-38.4900
4.854261,37.269947,-139.0085
-0.0,0.0,-0.
-0.0,0.0,-0.
-0.0,0.0,-0.
-0.0,0.0,-0.
-0.0,0.0,-0.
-0.0,0.0,-0.
-0.0,0.0,-0.
-0.0,0.0,-0.
-0.0,0.0,-0.
-0.0,0.0,-0.
-17.824581,8.541029,-26.42603
-0.0,0.0,-0.
-0.0,0.0,-0.
-0.0,0.0,-0.
-0.0,0.0,-0.
-0.0,0.0,-0.
-0.0,0.0,-0.
-0.0,0.0,-0.
-0.0,0.0,-0.
-0.0,0.0,-0.
-0.0,0.0,-0.
-0.0,0.0,-0.
-36.02506,10.093944,-11.01396
-138.71059,38.30522,-34.5844
-0.0,0.0,-0.
-0.0,0.0,-0.
-0.0,0.0,-0.
-0.0,0.0,-0.
-0.0,0.0,0.
-0.0,0.0,0.
-0.0,0.0,0.
-0.0,0.0,0.
-0.0,0.0,0.
-0.0,0.0,0.
-0.0,0.0,0.
-0.0,0.0,0.
-79.41288,24.328993,44.01926
-106.48969,33.64648,66.5421
-0.0,0.0,0.
-0.0,0.0,0.
-0.0,0.0,0.
-0.0,0.0,0.
-0.0,0.0,0.
-0.0,0.0,0.
-0.0,0.0,0.
-0.0,0.0,0.
-0.0,0.0,0.
-0.0,0.0,0.
-19.177637,13.717411,47.46631
-40.295803,34.940575,124.0177
-0.0,0.0,0.
-0.0,0.0,0.
-0.0,0.0,0.
-0.0,0.0,0.
-0.0,0.0,0.
0.0,0.0,0.
0.0,0.0,0.
0.0,0.0,0.
0.0,0.0,0.
0.0,0.0,0.
18.506224,16.046783,56.95630
46.73118,34.940575,121.7388
0.0,0.0,0.
0.0,0.0,0.
0.0,0.0,0.
0.0,0.0,0.
0.0,0.0,0.
0.0,0.0,0.
0.0,0.0,0.
0.0,0.0,0.
0.0,0.0,0.
0.0,0.0,0.
53.46617,17.082058,34.7213
111.25667,34.422935,64.2340
0.0,0.0,0.
0.0,0.0,0.
0.0,0.0,0.
0.0,0.0,0.
0.0,0.0,0.
0.0,0.0,0.
0.0,0.0,0.
0.0,0.0,0.
0.0,0.0,0.
112.11422,19.795897,5.87565
118.50896,21.011435,12.45579
0.0,0.0,0.
0.0,0.0,0.
0.0,0.0,0.
0.0,0.0,0.
0.0,0.0,0.
0.0,0.0,0.
0.0,0.0,0.
0.0,0.0,0.
0.0,0.0,0.
0.0,0.0,0.
46.10685,10.939838,41.51479
91.920074,22.921566,91.9200
0.0,0.0,0.
0.0,0.0,0.
0.0,0.0,0.
0.0,0.0,0.
0.0,0.0,0.
0.0,0.0,0.
0.0,0.0,0.
0.0,0.0,0.
0.0,0.0,0.
0.0,0.0,0.
10.629995,11.981728,67.11513
11.243954,22.747917,128.5188
0.0,0.0,0.
-0.0,0.0,0.
-0.0,0.0,0.
-0.0,0.0,0.
-0.0,0.0,0.
-0.0,0.0,0.
-0.0,0.0,0.
-0.0,0.0,0.
-0.0,0.0,0.
-0.0,0.0,0.
-28.911165,9.897948,48.11626
-73.79346,23.268862,109.4033
-0.0,0.0,0.
-0.0,0.0,0.
-0.0,0.0,0.
-0.0,0.0,0.
-0.0,0.0,0.
-0.0,0.0,0.
-0.0,0.0,0.
-0.0,0.0,0.
-0.0,0.0,0.
-0.0,0.0,0.
-0.0,0.0,0.
-0.0,0.0,0.
-93.64436,17.017527,23.34815
-124.14032,22.226973,21.88930
-0.0,0.0,0.
-0.0,0.0,0.
-0.0,0.0,-0.
-0.0,0.0,-0.
-0.0,0.0,-0.
-0.0,0.0,-0.
-0.0,0.0,-0.
-0.0,0.0,-0.
-0.0,0.0,-0.
-0.0,0.0,-0.
-35.40558,6.945929,-17.2684
-126.61584,25.526289,-70.1843
-0.0,0.0,-0.
-0.0,0.0,-0.
-0.0,0.0,-0.
-0.0,0.0,-0.
-0.0,0.0,-0.
-0.0,0.0,-0.
-0.0,0.0,-0.
-0.0,0.0,-0.
-0.0,0.0,-0.
-0.0,0.0,-0.
-15.399313,6.4249845,-33.0239
-0.0,0.0,-0.
-0.0,0.0,-0.
-0.0,0.0,-0.
-0.0,0.0,-0.
-0.0,0.0,-0.
-0.0,0.0,-0.
-0.0,0.0,-0.
0.0,0.0,-0.
0.0,0.0,-0.
0.0,0.0,-0.
0.0,0.0,-0.
9.291617,6.7722807,-37.26663
45.344048,25.873585,-139.5545
0.0,0.0,-0.
0.0,0.0,-0.
0.0,0.0,-0.
0.0,0.0,-0.
0.0,0.0,-0.
0.0,0.0,-0.
0.0,0.0,-0.
0.0,0.0,-0.
0.0,0.0,-0.
0.0,0.0,-0.
0.0,0.0,-0.
0.0,0.0,-0.
76.75816,15.62834,-44.31636
114.07112,22.574268,-58.1221
0.0,0.0,-0.
0.0,0.0,-0.
0.0,0.0,-0.
0.0,0.0,-0.
0.0,0.0,-0.
0.0,0.0,-0.
0.0,0.0,-0.
0.0,0.0,0.
0.0,0.0,-0.
0.0,0.0,-0.
0.0,0.0,-0.
0.0,0.0,-0.
0.0,0.0,-0.
84.77286,7.8440223,-29.18962
121.92254,11.504566,-49.25991
0.0,0.0,-0.
0.0,0.0,-0.
0.0,0.0,-0.
0.0,0.0,-0.
0.0,0.0,-0.
0.0,0.0,-0.
0.0,0.0,-0.
0.0,0.0,-0.
0.0,0.0,-0.
0.0,0.0,-0.
0.0,0.0,-0.
0.0,0.0,-0.
39.57494,8.192646,-84.8687
48.886696,11.41741,-120.998
0.0,0.0,-0.
0.0,0.0,-0.
0.0,0.0,-0.
0.0,0.0,-0.
0.0,0.0,-0.
0.0,0.0,-0.
-0.0,0.0,-0.
-0.0,0.0,-0.
-0.0,0.0,-0.
-0.0,0.0,-0.
-0.0,0.0,-0.
-0.0,0.0,-0.
-31.41636,7.6697106,-81.8424
-52.674557,11.330255,-118.3089
-0.0,0.0,-0.
-0.0,0.0,-0.
-0.0,0.0,-0.
-0.0,0.0,-0.
-0.0,0.0,-0.
-0.0,0.0,-0.
-0.0,0.0,-0.
-0.0,0.0,-0.
-0.0,0.0,-0.
-0.0,0.0,-0.
-43.999226,4.444946,-25.40296
-121.6034,11.940345,-61.9600
-0.0,0.0,-0.
-0.0,0.0,-0.
-0.0,0.0,-0.
-0.0,0.0,-0.
-0.0,0.0,-0.
-0.0,0.0,-0.
-0.0,0.0,-0.
-0.0,0.0,-0.
-0.0,0.0,0.
-0.0,0.0,0.
-51.164356,4.5321016,8.10363
-133.9514,12.027501,30.92512
-0.0,0.0,0.
-0.0,0.0,0.
-0.0,0.0,0.
-0.0,0.0,0.
-0.0,0.0,0.
-0.0,0.0,0.
-0.0,0.0,0.
-0.0,0.0,0.
-0.0,0.0,0.
-0.0,0.0,0.
-33.98525,4.5321016,39.09556
-82.79802,11.766033,105.9766
-0.0,0.0,0.
-0.0,0.0,0.
-0.0,0.0,0.
-0.0,0.0,0.
-0.0,0.0,0.
-0.0,0.0,0.
-0.0,0.0,0.
-0.0,0.0,0.
-0.0,0.0,0.
-0.0,0.0,0.
-1.8773996,4.7064133,53.76174
2.3818784,11.940345,136.457
0.0,0.0,0.
0.0,0.0,0.
0.0,0.0,0.
0.0,0.0,0.
0.0,0.0,0.
0.0,0.0,0.
0.0,0.0,0.
0.0,0.0,0.
0.0,0.0,0.
0.0,0.0,0.
39.568645,5.752283,52.5093
86.44612,11.766033,103.0224
0.0,0.0,0.
0.0,0.0,0.
0.0,0.0,0.
0.0,0.0,0.
0.0,0.0,0.
0.0,0.0,0.
0.0,0.0,0.
0.0,0.0,0.
0.0,0.0,0.
0.0,0.0,0.
64.762436,5.839439,16.14708
130.48102,11.591722,23.00732
0.0,0.0,0.
0.0,0.0,0.
